		Cs39		Cs40		Cs03		Cs34		Cs42			
BU1	1	175	175	222	222	-999	-999	185	195	-999	-999		
BU10	1	171	175	222	222	-999	-999	185	193	156	156		
BU11	1	-999	-999	224	224	-999	-999	185	185	154	154		
BU12	1	175	175	-999	-999	-999	-999	185	203	154	154		
BU13	1	175	175	226	226	-999	-999	185	195	150	150		
BU14	1	171	171	226	226	220	226	185	203	-999	-999		
BU15	1	175	175	-999	-999	-999	-999	185	185	156	170		
BU16	1	171	197	228	228	-999	-999	195	203	154	154		
BU17	1	173	173	-999	-999	-999	-999	185	195	-999	-999		
BU18	1	175	175	226	226	-999	-999	185	185	150	150		
BU19	1	171	171	-999	-999	-999	-999	189	189	154	154		
BU2	1	-999	-999	226	226	220	220	185	189	170	170		
BU20	1	175	175	-999	-999	-999	-999	185	195	-999	-999		
BU21	1	175	175	222	226	-999	-999	185	195	-999	-999		
BU22	1	175	175	224	224	-999	-999	185	195	-999	-999		
BU23	1	175	175	-999	-999	220	220	185	185	-999	-999		
BU24	1	175	175	-999	-999	-999	-999	185	185	152	152		
BU25	1	163	163	-999	-999	220	220	185	203	-999	-999		
BU3	1	133	139	-999	-999	220	226	185	203	150	150		
BU4	1	-999	-999	226	226	-999	-999	195	203	-999	-999		
BU5	1	-999	-999	-999	-999	-999	-999	185	185	174	174		
BU6	1	-999	-999	-999	-999	222	222	185	185	154	154		
BU7	1	169	169	-999	-999	-999	-999	185	185	-999	-999		
BU8	1	171	175	222	228	220	226	185	185	156	170		
BU9	1	175	175	222	226	-999	-999	185	193	156	156		
LR1	2	175	175	226	226	222	222	185	185	174	174		
LR10	2	-999	-999	-999	-999	220	222	-999	-999	-999	-999		
LR2	2	171	171	224	224	220	222	185	193	-999	-999		
LR3	2	173	173	226	226	220	220	185	185	154	166		
LR4	2	171	171	226	226	220	220	185	185	-999	-999		
LR5	2	173	173	224	224	-999	-999	185	191	-999	-999		
LR6	2	171	171	-999	-999	-999	-999	185	185	150	170		
LR7	2	173	173	226	226	220	220	185	201	150	150		
LR8	2	175	175	-999	-999	220	220	-999	-999	174	174		
LR9	2	175	175	230	230	220	222	185	193	174	174		
MR1	3	161	161	-999	-999	220	222	-999	-999	-999	-999		
MR10	3	173	173	222	222	220	220	185	201	-999	-999		
MR11	3	173	173	-999	-999	-999	-999	185	185	-999	-999		
MR12	3	173	173	-999	-999	-999	-999	185	193	152	152		
MR13	3	171	171	226	226	-999	-999	185	185	184	184		
MR14	3	169	169	226	226	220	228	187	187	172	172		
MR15	3	175	175	-999	-999	-999	-999	185	185	172	172		
MR16	3	171	171	226	226	-999	-999	-999	-999	152	172		
MR17	3	173	195	226	226	220	220	201	201	172	172		
MR18	3	171	171	-999	-999	-999	-999	193	203	154	166		
MR19	3	173	173	224	224	-999	-999	185	185	170	170		
MR2	3	-999	-999	-999	-999	-999	-999	185	193	-999	-999		
MR20	3	-999	-999	226	226	220	224	189	201	-999	-999		
MR21	3	173	173	-999	-999	220	222	-999	-999	162	170		
MR22	3	175	175	226	226	224	224	185	185	170	170		
MR23	3	171	171	222	226	220	220	185	185	154	170		
MR24	3	175	175	-999	-999	220	220	185	185	170	170		
MR3	3	-999	-999	226	226	-999	-999	-999	-999	158	158		
MR4	3	173	173	226	226	220	222	187	201	152	152		
MR5	3	-999	-999	222	222	220	232	185	185	-999	-999		
MR6	3	175	175	226	226	-999	-999	185	185	158	158		
MR7	3	173	173	226	226	-999	-999	185	197	-999	-999		
MR8	3	173	173	232	232	220	222	185	185	-999	-999		
MR9	3	-999	-999	-999	-999	-999	-999	193	193	-999	-999		
PR1	4	177	177	-999	-999	226	226	187	187	-999	-999		
PR10	4	175	175	-999	-999	-999	-999	185	185	-999	-999		
PR11	4	-999	-999	222	222	-999	-999	185	197	150	150		
PR12	4	-999	-999	226	226	226	226	185	189	170	170		
PR13	4	-999	-999	226	226	-999	-999	185	185	-999	-999		
PR14	4	195	195	226	226	-999	-999	-999	-999	-999	-999		
PR15	4	173	173	230	230	-999	-999	187	187	150	150		
PR16	4	-999	-999	-999	-999	-999	-999	-999	-999	-999	-999		
PR17	4	-999	-999	226	226	-999	-999	185	201	-999	-999		
PR18	4	-999	-999	-999	-999	-999	-999	185	201	-999	-999		
PR19	4	-999	-999	-999	-999	-999	-999	185	203	192	192		
PR2	4	177	177	-999	-999	-999	-999	187	189	-999	-999		
PR20	4	-999	-999	226	226	-999	-999	185	185	-999	-999		
PR21	4	175	175	226	226	-999	-999	187	199	-999	-999		
PR22	4	-999	-999	226	226	224	224	187	201	170	170		
PR23	4	-999	-999	-999	-999	-999	-999	185	185	150	170		
PR24	4	121	121	-999	-999	-999	-999	197	197	-999	-999		
PR3	4	177	177	230	230	-999	-999	187	195	-999	-999		
PR4	4	177	177	-999	-999	-999	-999	187	197	170	184		
PR5	4	177	177	-999	-999	220	220	-999	-999	150	150		
PR6	4	-999	-999	220	220	-999	-999	187	203	-999	-999		
PR7	4	-999	-999	-999	-999	-999	-999	191	197	-999	-999		
PR8	4	-999	-999	-999	-999	-999	-999	-999	-999	158	158		
PR9	4	-999	-999	226	226	-999	-999	187	201	150	150		
S1	5	175	175	226	226	212	220	-999	-999	170	170		
S10	5	175	175	228	228	222	228	187	187	184	184		
S11	5	175	175	-999	-999	220	226	185	185	158	158		
S12	5	167	167	-999	-999	-999	-999	185	185	168	168		
S13	5	175	175	226	226	-999	-999	193	203	-999	-999		
S14	5	173	173	226	226	220	220	-999	-999	-999	-999		
S15	5	175	175	226	230	-999	-999	185	195	-999	-999		
S16	5	175	175	226	226	-999	-999	189	195	-999	-999		
S17	5	175	175	-999	-999	222	226	185	195	-999	-999		
S18	5	173	173	-999	-999	226	226	185	193	162	162		
S19	5	173	173	226	226	-999	-999	185	197	-999	-999		
S2	5	-999	-999	226	226	220	228	-999	-999	-999	-999		
S20	5	175	179	-999	-999	-999	-999	-999	-999	-999	-999		
S21	5	173	173	222	222	218	220	185	185	-999	-999		
S22	5	173	177	226	226	-999	-999	189	189	-999	-999		
S23	5	173	173	226	226	-999	-999	185	185	-999	-999		
S24	5	165	165	-999	-999	-999	-999	185	185	170	170		
S25	5	173	173	-999	-999	220	226	185	185	-999	-999		
S26	5	-999	-999	230	230	220	226	189	195	-999	-999		
S27	5	175	175	226	226	2204	224	185	185	-999	-999		
S28	5	175	175	230	230	220	226	185	185	170	170		
S29	5	173	173	226	226	-999	-999	185	189	-999	-999		
S3	5	175	175	226	226	-999	-999	185	193	170	170		
S30	5	-999	-999	-999	-999	-999	-999	-999	-999	170	170		
S31	5	175	175	226	226	-999	-999	185	199	-999	-999		
S32	5	175	175	230	230	226	226	189	195	-999	-999		
S4	5	175	175	-999	-999	220	226	193	193	-999	-999		
S5	5	-999	-999	-999	-999	-999	-999	185	197	-999	-999		
S6	5	173	173	230	230	-999	-999	187	187	-999	-999		
S7	5	175	175	230	230	-999	-999	185	193	170	170		
S8	5	-999	-999	-999	-999	-999	-999	185	185	-999	-999		
S9	5	-999	-999	-999	-999	-999	-999	-999	-999	-999	-999		
SH1	6	175	175	222	222	-999	-999	185	197	184	184		
SH10	6	-999	-999	222	226	-999	-999	185	193	170	170		
SH2	6	-999	-999	226	226	212	220	185	203	-999	-999		
SH3	6	173	173	226	230	-999	-999	187	187	152	190		
SH4	6	173	173	222	228	-999	-999	185	195	-999	-999		
SH5	6	145	145	-999	-999	-999	-999	185	191	184	184		
SH6	6	-999	-999	-999	-999	-999	-999	185	195	-999	-999		
SH7	6	123	123	-999	-999	-999	-999	185	203	-999	-999		
SH8	6	175	175	226	226	212	222	185	185	-999	-999		
SH9	6	-999	-999	-999	-999	-999	-999	185	185	170	170		
WC1	7	173	173	-999	-999	-999	-999	185	195	150	150		
WC10	7	173	173	222	222	-999	-999	187	195	150	150		
WC11	7	-999	-999	222	222	-999	-999	185	185	150	150		
WC12	7	-999	-999	-999	-999	220	220	185	185	150	150		
WC13	7	175	175	-999	-999	218	222	187	195	-999	-999		
WC14	7	175	175	-999	-999	-999	-999	-999	-999	150	150		
WC15	7	-999	-999	-999	-999	-999	-999	185	185	150	150		
WC2	7	167	167	-999	-999	-999	-999	185	193	-999	-999		
WC3	7	113	115	-999	-999	220	220	-999	-999	150	150		
WC4	7	175	175	222	222	-999	-999	185	195	-999	-999		
WC5	7	173	173	-999	-999	-999	-999	-999	-999	174	174		
WC6	7	-999	-999	-999	-999	-999	-999	-999	-999	150	150		
WC7	7	171	175	226	226	220	220	-999	-999	-999	-999		
WC8	7	175	175	222	222	220	220	185	189	150	170		
WC9	7	173	173	-999	-999	220	220	185	193	150	150		
BB_1	8	169	177	-999	-999	222	222	187	195	-999	-999		
BB_10	8	-999	-999	224	224	218	224	187	187	-999	-999		
BB_11	8	169	177	224	224	224	224	185	193	152	152		
BB_12	8	171	171	224	224	220	220	185	193	-999	-999		
BB_13	8	177	177	224	224	218	224	185	193	-999	-999		
BB_14	8	179	179	-999	-999	222	226	185	193	-999	-999		
BB_15	8	171	171	224	224	220	220	185	185	-999	-999		
BB_16	8	177	177	-999	-999	220	220	185	185	158	158		
BB_2	8	171	171	224	224	220	228	185	185	-999	-999		
BB_3	8	177	177	224	224	-999	-999	185	193	-999	-999		
BB_4	8	173	173	224	224	220	222	187	187	-999	-999		
BB_5	8	169	169	232	232	218	218	185	193	-999	-999		
BB_6	8	171	171	224	224	220	220	193	193	158	158		
BB_7	8	177	177	224	224	-999	-999	187	193	-999	-999		
BB_8	8	173	173	222	232	220	220	185	185	170	170		
BB_9	8	169	169	-999	-999	220	220	185	193	-999	-999		
BF_1	9	195	195	224	224	222	222	187	187	150	168		
BF_10	9	169	195	222	234	222	222	-999	-999	-999	-999		
BF_11	9	169	171	-999	-999	222	228	187	195	150	150		
BF_12	9	173	177	224	234	220	220	187	187	-999	-999		
BF_13	9	173	195	224	224	220	226	187	201	152	152		
BF_14	9	171	173	224	224	-999	-999	185	195	158	158		
BF_15	9	171	195	222	222	222	222	-999	-999	150	154		
BF_16	9	173	177	222	222	220	220	187	195	152	152		
BF_17	9	171	171	224	224	222	222	-999	-999	170	170		
BF_18	9	169	195	224	224	220	220	185	185	150	150		
BF_19	9	169	169	224	224	216	220	-999	-999	150	154		
BF_2	9	169	169	224	224	222	226	193	193	170	170		
BF_20	9	195	195	224	224	222	224	195	195	152	152		
BF_21	9	173	173	224	224	224	228	187	187	152	170		
BF_22	9	173	173	-999	-999	222	224	-999	-999	172	172		
BF_23	9	169	173	220	220	220	226	-999	-999	-999	-999		
BF_24	9	169	173	224	224	220	222	189	189	170	170		
BF_25	9	171	175	230	230	222	226	195	195	150	170		
BF_3	9	169	169	224	224	220	220	195	195	150	170		
BF_4	9	169	169	224	224	220	220	185	185	150	150		
BF_5	9	169	195	220	220	224	228	193	193	152	170		
BF_6	9	169	169	220	224	222	224	185	189	-999	-999		
BF_7	9	169	173	222	222	218	220	185	189	170	170		
BF_8	9	169	173	220	220	220	226	185	189	-999	-999		
BF_9	9	169	177	222	224	220	228	185	185	152	152		
CB_1	10	169	169	222	234	218	226	185	185	156	156		
CB_10	10	169	171	222	222	-999	-999	-999	-999	150	172		
CB_11	10	169	171	220	224	-999	-999	199	199	-999	-999		
CB_12	10	169	171	222	224	220	220	187	187	170	170		
CB_13	10	169	169	222	224	220	220	185	185	160	160		
CB_14	10	195	195	222	224	-999	-999	187	187	-999	-999		
CB_15	10	171	171	224	224	-999	-999	185	197	-999	-999		
CB_16	10	173	173	222	224	226	226	185	193	-999	-999		
CB_17	10	169	171	222	224	-999	-999	187	187	150	150		
CB_18	10	169	169	222	224	-999	-999	185	185	170	170		
CB_19	10	169	173	222	224	220	220	185	193	184	184		
CB_2	10	169	169	222	224	-999	-999	187	195	-999	-999		
CB_20	10	173	173	222	222	220	228	185	185	160	160		
CB_3	10	169	171	222	222	-999	-999	187	187	-999	-999		
CB_4	10	169	169	222	224	-999	-999	187	187	-999	-999		
CB_5	10	169	171	222	224	-999	-999	-999	-999	142	150		
CB_6	10	169	171	222	224	-999	-999	187	187	170	184		
CB_7	10	169	169	222	224	-999	-999	187	187	154	166		
CB_8	10	169	171	222	222	-999	-999	187	187	176	176		
CB_9	10	169	169	222	222	-999	-999	187	203	150	168		
CP_1	11	173	173	224	224	-999	-999	185	185	-999	-999		
CP_10	11	173	185	224	224	-999	-999	185	185	150	150		
CP_11	11	169	171	224	224	-999	-999	185	185	160	168		
CP_12	11	169	169	224	224	-999	-999	187	195	150	158		
CP_13	11	165	169	224	224	-999	-999	185	185	-999	-999		
CP_14	11	171	171	224	224	-999	-999	185	185	-999	-999		
CP_15	11	169	171	224	224	-999	-999	185	185	-999	-999		
CP_16	11	169	171	224	224	-999	-999	185	185	-999	-999		
CP_17	11	173	173	224	224	-999	-999	185	185	146	150		
CP_18	11	169	169	224	224	-999	-999	185	185	-999	-999		
CP_2	11	169	169	222	224	-999	-999	185	199	150	150		
CP_3	11	171	171	224	224	-999	-999	185	199	-999	-999		
CP_4	11	165	165	224	224	-999	-999	185	185	-999	-999		
CP_5	11	171	173	224	224	-999	-999	187	187	154	184		
CP_6	11	165	171	224	224	-999	-999	185	185	180	180		
CP_7	11	165	165	224	224	-999	-999	185	185	172	172		
CP_8	11	173	185	224	224	-999	-999	185	195	-999	-999		
CP_9	11	171	171	224	224	-999	-999	187	189	160	160		
EL_1	12	169	169	224	224	-999	-999	187	187	-999	-999		
EL_10	12	169	169	224	224	-999	-999	185	185	150	172		
EL_11	12	169	169	224	224	-999	-999	195	195	-999	-999		
EL_12	12	169	169	224	224	-999	-999	195	195	156	156		
EL_2	12	185	185	222	222	-999	-999	185	197	150	150		
EL_3	12	173	173	224	224	-999	-999	185	195	-999	-999		
EL_4	12	173	173	224	224	-999	-999	185	185	152	152		
EL_5	12	169	169	224	224	-999	-999	185	185	-999	-999		
EL_6	12	169	169	224	224	-999	-999	185	185	150	150		
EL_7	12	169	169	230	230	-999	-999	185	185	144	144		
EL_8	12	169	169	224	224	-999	-999	185	185	160	160		
EL_9	12	169	169	224	224	-999	-999	185	185	-999	-999		
HH_1	13	169	169	230	230	-999	-999	185	185	-999	-999		
HH_2	13	171	185	224	224	-999	-999	185	195	-999	-999		
HH_3	13	173	173	224	224	222	222	185	195	-999	-999		
HH_4	13	171	171	224	224	-999	-999	185	197	170	170		
HH_5	13	171	171	224	224	-999	-999	193	193	-999	-999		
HH_6	13	171	185	224	224	-999	-999	185	185	-999	-999		
HH_7	13	171	173	224	230	220	224	199	199	-999	-999		
HM_1	14	169	169	230	230	222	224	187	189	-999	-999		
HM_10	14	171	171	224	224	222	224	193	193	150	158		
HM_11	14	165	169	-999	-999	-999	-999	189	201	150	158		
HM_12	14	173	173	220	224	220	220	185	203	184	184		
HM_13	14	169	171	230	230	222	222	185	185	-999	-999		
HM_2	14	169	169	224	224	220	224	185	189	-999	-999		
HM_3	14	169	169	224	224	-999	-999	185	195	-999	-999		
HM_4	14	173	173	224	224	220	224	185	193	184	184		
HM_5	14	173	173	220	220	222	224	189	203	-999	-999		
HM_6	14	171	171	224	224	220	226	187	195	-999	-999		
HM_7	14	169	171	224	224	220	220	185	185	-999	-999		
HM_8	14	171	185	224	224	220	220	185	193	-999	-999		
HM_9	14	169	185	224	224	226	230	193	193	184	184		
MC_1	15	169	173	222	224	218	226	187	195	-999	-999		
MC_10	15	173	173	222	222	-999	-999	185	185	154	154		
MC_11	15	169	173	220	220	-999	-999	195	203	-999	-999		
MC_12	15	171	171	222	228	-999	-999	185	193	134	134		
MC_13	15	173	173	220	224	-999	-999	195	195	-999	-999		
MC_14	15	171	171	222	222	226	226	187	195	-999	-999		
MC_15	15	177	177	224	224	-999	-999	187	191	-999	-999		
MC_16	15	173	173	-999	-999	-999	-999	185	185	-999	-999		
MC_17	15	165	171	222	222	220	226	185	189	-999	-999		
MC_18	15	171	171	220	220	-999	-999	183	187	-999	-999		
MC_19	15	185	185	222	224	-999	-999	185	195	-999	-999		
MC_2	15	171	173	222	222	-999	-999	185	185	-999	-999		
MC_20	15	173	173	222	222	-999	-999	185	185	-999	-999		
MC_3	15	171	171	222	222	-999	-999	185	185	190	190		
MC_4	15	171	171	222	222	218	224	187	195	-999	-999		
MC_5	15	171	171	220	220	-999	-999	185	185	-999	-999		
MC_6	15	173	173	224	224	-999	-999	189	195	160	160		
MC_7	15	171	171	232	232	-999	-999	201	201	-999	-999		
MC_8	15	171	183	224	224	-999	-999	187	195	168	168		
MC_9	15	-999	-999	224	224	-999	-999	195	203	-999	-999		
MM_1	16	177	183	222	222	220	224	187	187	-999	-999		
MM_10	16	173	173	222	222	-999	-999	185	185	160	160		
MM_11	16	169	173	224	224	-999	-999	187	187	-999	-999		
MM_12	16	169	173	222	224	-999	-999	185	185	-999	-999		
MM_13	16	169	183	228	228	-999	-999	195	203	-999	-999		
MM_14	16	173	173	222	228	-999	-999	187	187	-999	-999		
MM_15	16	169	173	222	222	-999	-999	185	185	184	184		
MM_2	16	173	195	222	222	228	230	187	203	-999	-999		
MM_3	16	169	173	224	224	220	228	195	203	-999	-999		
MM_4	16	169	183	222	222	220	224	195	203	176	192		
MM_5	16	173	173	224	230	220	224	187	187	152	152		
MM_6	16	169	173	222	230	220	226	187	187	-999	-999		
MM_7	16	169	173	222	230	220	228	187	203	-999	-999		
MM_8	16	169	183	222	222	-999	-999	185	185	-999	-999		
MM_9	16	169	169	224	224	-999	-999	187	187	150	150		
NC_1	17	171	171	-999	-999	-999	-999	185	195	152	170		
NC_10	17	171	171	224	224	-999	-999	185	193	184	184		
NC_11	17	173	173	224	224	218	226	185	203	154	154		
NC_12	17	173	173	220	222	-999	-999	193	193	158	158		
NC_13	17	169	171	224	224	224	226	195	203	-999	-999		
NC_14	17	171	171	228	228	220	222	185	195	154	154		
NC_15	17	173	173	220	220	220	222	185	195	-999	-999		
NC_2	17	169	169	224	224	-999	-999	185	185	-999	-999		
NC_3	17	171	171	224	224	-999	-999	187	203	170	170		
NC_4	17	169	171	224	224	-999	-999	185	185	-999	-999		
NC_5	17	173	173	224	224	220	220	187	195	170	170		
NC_6	17	171	171	224	224	-999	-999	185	185	158	158		
NC_7	17	171	171	224	224	-999	-999	185	185	158	158		
NC_8	17	169	169	224	224	-999	-999	197	203	-999	-999		
NC_9	17	171	171	222	222	-999	-999	187	195	158	158		
OR_1	18	171	171	222	224	220	222	187	197	158	158		
OR_10	18	171	171	224	224	-999	-999	185	203	-999	-999		
OR_11	18	169	169	230	230	-999	-999	195	203	-999	-999		
OR_12	18	171	171	224	224	-999	-999	203	203	150	150		
OR_13	18	173	173	224	224	-999	-999	185	203	-999	-999		
OR_14	18	173	185	220	220	-999	-999	187	195	164	164		
OR_15	18	171	171	224	224	-999	-999	185	193	150	170		
OR_2	18	171	171	224	224	-999	-999	185	203	170	170		
OR_3	18	173	173	224	224	-999	-999	185	203	152	152		
OR_4	18	171	171	222	224	-999	-999	187	195	160	160		
OR_5	18	173	173	222	224	-999	-999	185	199	170	176		
OR_6	18	195	195	224	224	-999	-999	185	195	134	134		
OR_7	18	169	169	220	220	-999	-999	185	193	160	160		
OR_8	18	171	195	224	224	226	226	185	185	172	172		
OR_9	18	169	185	224	224	-999	-999	199	203	-999	-999		
PA_1	19	171	171	-999	-999	220	226	187	195	-999	-999		
PA_10	19	173	173	220	220	220	226	185	185	170	170		
PA_11	19	169	169	220	224	224	224	185	185	156	170		
PA_12	19	173	173	232	232	220	224	185	185	184	184		
PA_13	19	169	169	224	224	-999	-999	187	201	170	170		
PA_14	19	171	171	230	230	222	228	185	185	166	166		
PA_15	19	173	173	224	224	220	224	187	187	154	154		
PA_16	19	173	173	224	224	-999	-999	185	185	154	154		
PA_17	19	171	173	222	222	-999	-999	185	203	170	184		
PA_18	19	169	169	224	224	-999	-999	185	185	-999	-999		
PA_19	19	173	173	-999	-999	220	226	185	185	150	168		
PA_2	19	171	171	222	222	222	224	187	195	-999	-999		
PA_20	19	173	195	224	224	-999	-999	185	185	170	170		
PA_3	19	169	169	224	224	220	224	187	187	-999	-999		
PA_4	19	171	171	224	224	220	226	197	197	-999	-999		
PA_5	19	173	173	224	224	224	224	187	187	-999	-999		
PA_6	19	171	173	224	224	224	226	187	187	184	184		
PA_7	19	165	171	224	224	220	220	185	185	186	188		
PA_8	19	173	183	222	224	220	220	187	221	168	168		
PA_9	19	171	171	224	224	216	226	185	189	184	184		
RA_1	20	171	171	230	230	-999	-999	193	193	160	160		
RA_10	20	171	171	224	224	218	222	-999	-999	158	158		
RA_11	20	169	169	230	230	222	228	187	187	174	174		
RA_12	20	173	173	230	230	222	224	195	201	154	170		
RA_2	20	169	169	224	224	222	222	193	193	160	174		
RA_3	20	171	173	220	220	218	218	185	197	170	170		
RA_4	20	171	171	224	224	218	224	195	195	160	160		
RA_5	20	171	171	224	224	220	224	185	195	170	170		
RA_6	20	171	171	224	224	222	224	185	195	170	170		
RA_7	20	165	165	224	230	188	188	187	195	166	172		
RA_8	20	169	169	224	224	222	224	187	187	-999	-999		
RA_9	20	169	169	224	224	224	224	187	195	158	170		
SJ_1	21	173	173	224	224	226	226	185	195	-999	-999		
SJ_10	21	171	185	222	224	222	222	187	195	170	170		
SJ_11	21	171	185	222	222	222	222	185	193	156	156		
SJ_12	21	165	169	230	230	224	224	193	193	170	170		
SJ_13	21	169	171	224	224	222	222	187	187	-999	-999		
SJ_14	21	169	169	224	230	220	220	187	197	-999	-999		
SJ_15	21	169	173	224	224	220	222	187	195	170	170		
SJ_2	21	171	171	230	230	220	222	193	193	-999	-999		
SJ_3	21	171	171	224	230	220	220	193	193	170	174		
SJ_4	21	171	171	224	230	226	226	193	193	-999	-999		
SJ_5	21	169	177	224	224	220	224	185	185	170	170		
SJ_6	21	171	171	230	230	220	224	187	195	170	170		
SJ_7	21	171	171	220	220	220	220	185	193	-999	-999		
SJ_8	21	169	169	224	230	222	222	185	193	170	170		
SJ_9	21	171	171	220	220	220	226	193	193	-999	-999		
